Save_Skelly 
Logging date: 4/26/2021 8:04:19 PM

Head: 0.1126042, 1.612935, -1.041
UNeck: 0.1126042, 1.557104, -1.003061
LNeck: 0.1126042, 1.444423, -1.003061
Chest: 0.1126042, 1.16396, -1.003061
Waist: 0.1126042, 0.9596593, -1.003061
LHip: 0.01696892, 0.8386968, -1.003061
LKnee: 0.01696892, 0.508189, -1.003061
LFoot: 0.01696892, 0.07115774, -1.003061
RHip: 0.2082394, 0.8386968, -1.003061
RKnee: 0.2082394, 0.508189, -1.003061
RFoot: 0.2082394, 0.07115774, -1.003061
